-- super op script for Draw Drawings and turn it 3D and play around

--[[
for https://www.roblox.com/games/7952526341/Draw-Drawings-and-turn-it-3D-and-play-around
v to make a square
b to spawn amogus
e to lag server (it will eventually crash)
]]


local Self = game:GetService("Players").LocalPlayer
local Mouse = Self:GetMouse()

_G.AntiLag = true

Mouse.KeyDown:Connect(function(key)
    if key == "e" then
        if toggled then
            toggled = false 
        else
            game.ReplicatedStorage.DefaultChatSystemChatEvents.SayMessageRequest:FireServer("The server will be destroyed in 3 seconds.", "All")
            game.ReplicatedStorage.DefaultChatSystemChatEvents.SayMessageRequest:FireServer("1", "All")
            wait(1)
            game.ReplicatedStorage.DefaultChatSystemChatEvents.SayMessageRequest:FireServer("2", "All")
            wait(1)
            game.ReplicatedStorage.DefaultChatSystemChatEvents.SayMessageRequest:FireServer("3", "All")
            toggled = true
            end
        print(toggled)
    else
        if key == "b" then
         spawnamogus()
        end
        
        if key == "c" then
            spawnsquare()
        end
    
end
end)

function spawnamogus()
    local ohString1 = "[\"{\\\"D\\\":[[173,314],[172,317],[172,322],[171,327],[171,333],[171,339],[172,342],[172,347],[173,351],[175,357],[176,361],[178,364],[181,367],[184,370],[187,372],[191,373],[198,373],[204,372],[208,368],[211,365],[212,362],[214,359],[215,356],[218,352],[219,345],[220,340],[220,336],[220,331],[221,324],[221,317],[221,310],[220,302],[220,295],[220,289],[219,283],[218,279],[218,275],[218,270],[218,264],[218,257],[218,253],[218,247],[218,241],[218,237],[220,234],[222,231],[225,229],[229,227],[232,226],[236,224],[241,223],[247,223],[253,223],[257,223],[264,224],[268,225],[272,226],[275,227],[278,229],[281,232],[283,235],[285,240],[287,245],[289,249],[290,255],[290,262],[290,268],[290,272],[290,276],[290,283],[290,287],[289,291],[288,296],[288,301],[288,308],[288,316],[288,323],[289,329],[289,335],[290,338],[291,342],[293,345],[296,348],[299,350],[303,353],[306,355],[309,356],[316,356],[322,355],[325,353],[328,352],[331,350],[335,346],[339,343],[340,340],[343,337],[344,334],[345,331],[347,328],[348,323],[350,318],[350,312],[350,307],[350,301],[350,295],[350,289],[350,285],[350,279],[350,273],[350,267],[349,263],[349,256],[349,249],[349,245],[348,240],[348,236],[346,232],[346,228],[345,224],[345,219],[345,214],[344,209],[344,205],[344,200],[343,195],[343,189],[343,185],[342,181],[341,172],[340,166],[339,162],[338,156],[337,152],[336,146],[335,141],[334,137],[333,133],[332,130],[331,127],[329,124],[326,121],[325,118],[322,115],[319,114],[314,112],[310,110],[307,108],[304,107],[301,106],[297,105],[292,104],[289,103],[285,101],[281,100],[275,100],[270,99],[267,98],[261,98],[258,97],[253,97],[250,96],[244,95],[237,94],[233,94],[229,94],[226,93],[222,93],[218,93],[213,93],[209,94],[206,95],[203,96],[198,97],[194,99],[191,100],[187,100],[183,103],[179,105],[175,107],[172,109],[168,111],[165,115],[163,119],[161,122],[159,126],[158,130],[158,134],[157,137],[156,141],[155,146],[154,149],[153,153],[152,156],[152,161],[151,166],[150,170],[150,174],[149,177],[149,183],[149,188],[149,193],[149,197],[149,203],[149,207],[148,210],[147,213],[147,218],[147,224],[146,227],[146,233],[145,240],[145,246],[146,251],[146,256],[147,259],[147,264],[148,268],[149,274],[151,279],[152,283],[152,288],[153,292],[154,298],[155,303],[155,307],[156,314],[157,318],[158,322],[158,329],[159,332],[161,337],[162,340],[162,344],[164,347],[165,350],[166,354],[167,357],[169,361],[170,365],[175,370],[178,373],[181,374],[185,374],[190,374],[195,375],[202,375]],\\\"S\\\":25,\\\"C\\\":null}\",\"{\\\"D\\\":[[172,320],[172,315],[171,311],[169,308],[167,305],[165,302],[163,299],[161,296],[159,293],[158,290],[156,285],[156,281],[156,286],[156,291],[157,295]],\\\"S\\\":25,\\\"C\\\":null}\",\"{\\\"D\\\":[[234,143],[229,144],[222,146],[218,148],[214,149],[211,151],[208,153],[204,156],[201,159],[199,162],[199,168],[201,172],[204,174],[208,175],[211,176],[219,177],[225,177],[231,177],[235,177],[241,177],[246,177],[250,177],[255,177],[260,175],[263,174],[267,174],[274,173],[277,172],[280,171],[283,169],[287,165],[288,160],[288,155],[285,151],[281,149],[276,147],[271,147],[267,146],[263,146],[259,146],[254,146],[250,146],[246,146],[239,146]],\\\"S\\\":25,\\\"C\\\":null}\",\"{\\\"D\\\":[[347,141],[349,138],[354,138],[358,141],[361,144],[363,148],[364,151],[366,155],[367,159],[368,162],[371,167],[373,172],[374,177],[375,182],[376,188],[376,193],[376,199],[376,203],[376,208],[376,213],[376,217],[376,221],[375,224],[372,229],[368,233],[364,236],[360,237],[357,238]],\\\"S\\\":25,\\\"C\\\":null}\"]"

    game:GetService("ReplicatedStorage").Events.InsertDrawing:FireServer(ohString1)
end

function spawnsquare()
    local ohString1 = "[\"{\\\"D\\\":[[433,260]],\\\"S\\\":10,\\\"C\\\":null}\",\"{\\\"D\\\":[[213,234]],\\\"S\\\":10,\\\"C\\\":null}\",\"{\\\"D\\\":[[282,203]],\\\"S\\\":10,\\\"C\\\":null}\",\"{\\\"D\\\":[[417,281]],\\\"S\\\":10,\\\"C\\\":null}\",\"{\\\"D\\\":[[234,178]],\\\"S\\\":10,\\\"C\\\":null}\",\"{\\\"D\\\":[[524,160],[565,171]],\\\"S\\\":15,\\\"C\\\":null}\",\"{\\\"D\\\":[[444,121],[441,119],[436,120],[428,121],[410,125],[393,128],[345,140],[290,158],[242,175],[197,197],[181,214],[181,223],[190,226],[199,226],[228,226],[289,224],[324,223],[346,224],[354,225]],\\\"S\\\":15,\\\"C\\\":null}\",\"{\\\"D\\\":[[473,233],[476,228],[476,224],[473,221],[462,213],[459,211],[451,207],[439,199],[435,199],[417,194],[368,184],[336,189],[294,198],[268,209],[266,213],[278,214],[326,214],[406,197],[467,174],[512,138],[524,117],[525,97],[517,87],[505,82],[489,82],[405,82],[325,85],[225,99],[152,115],[119,131],[109,153],[112,172],[120,177],[152,186],[198,186],[267,174],[322,148],[363,112],[383,85],[382,62],[366,53],[324,52],[249,59],[100,85]],\\\"S\\\":25,\\\"C\\\":null}\",\"{\\\"D\\\":[[285,61],[279,62],[275,62],[269,59],[260,54],[244,46],[233,43],[197,35],[152,29],[111,27],[77,22],[68,21],[66,17],[56,15],[44,15],[28,15],[24,17],[28,19],[34,18],[46,14],[54,9],[51,7],[43,7],[31,9],[26,12],[28,15],[32,15],[36,14],[39,12],[40,9],[39,6],[31,6],[24,10],[15,12],[14,15],[22,20],[25,21],[31,16],[31,12],[24,10],[15,11],[8,15],[3,19],[10,21],[18,17],[22,11],[22,7],[20,2],[17,0],[10,2],[8,5],[7,8],[8,13],[17,19],[23,20],[24,14],[24,9],[20,2],[16,0],[12,1],[9,2],[4,10],[6,20],[8,26],[10,22],[10,16],[10,6],[9,3],[7,6],[6,12],[6,24],[7,37],[8,47],[9,57],[9,64],[9,68],[10,76],[11,83],[12,87],[12,91],[13,96],[13,101],[13,107],[13,112],[13,118],[13,124],[12,128],[11,133],[9,138],[8,142],[7,147],[8,136],[8,128],[7,121],[6,111],[6,105],[6,99],[4,93],[4,89],[6,83],[7,79],[8,75],[8,69],[8,64],[8,60],[9,57],[9,51],[9,43],[9,38],[8,32],[7,27],[7,23],[6,17],[5,11],[4,8],[1,9]],\\\"S\\\":25,\\\"C\\\":null}\",\"{\\\"D\\\":[[5,126],[5,132],[5,140],[8,154],[10,164],[11,170],[12,176],[12,180],[12,190],[13,202],[15,219],[17,232],[18,244],[18,258],[17,266],[17,277],[16,286],[16,291],[15,284],[14,275],[13,265],[12,258],[7,241],[3,228],[3,215],[3,206],[3,195],[3,190],[3,186],[3,182],[3,178],[4,191],[8,210],[12,241],[17,278],[20,312],[21,344],[21,364],[21,376],[21,385],[21,392],[21,396],[21,380],[21,362],[16,296],[8,260],[3,238],[2,235],[2,251],[2,281],[2,322],[7,365],[9,385],[10,390],[14,381],[16,365],[19,338],[20,298],[20,259],[18,232],[17,208],[17,202],[15,205],[15,198],[15,189],[14,182],[10,156],[7,141],[3,124],[0,113]],\\\"S\\\":25,\\\"C\\\":null}\",\"{\\\"D\\\":[[4,137],[3,142],[2,146],[1,150],[1,155],[-0,161],[-0,165],[-0,170],[-0,175],[-0,179],[-0,184],[-0,188],[-0,193],[0,184],[0,174],[-0,163],[-0,156],[-0,150],[-0,143],[1,137],[2,130],[2,123],[1,135],[1,147],[1,154],[2,163],[2,174],[2,183],[2,192],[3,199],[4,204],[4,208],[4,213],[5,219],[5,225],[5,231],[6,238],[7,243],[7,252],[9,263],[10,275],[10,285],[11,304],[11,321],[11,333],[11,343],[11,349],[10,352],[10,356],[9,361],[12,369],[21,382],[28,394],[31,403],[32,408],[32,412],[28,416],[24,412],[22,409],[13,407],[6,406],[2,406],[10,404],[18,404],[22,404],[17,406],[5,409]],\\\"S\\\":25,\\\"C\\\":null}\",\"{\\\"D\\\":[[55,393],[52,392],[49,391],[58,389],[71,386],[95,381],[108,380],[100,380],[74,375],[49,370],[13,357]],\\\"S\\\":25,\\\"C\\\":null}\",\"{\\\"D\\\":[[217,162],[221,163],[230,160],[242,153],[247,148],[246,145],[237,143],[220,142],[186,143],[136,150],[103,160],[99,170],[117,172],[149,168],[212,153],[245,136],[271,114],[285,94],[289,84],[290,77],[280,73],[251,77],[194,87],[142,100],[120,118],[122,132],[149,147],[175,152],[217,150],[257,140],[295,124],[306,112],[303,110],[281,112],[255,120],[167,138],[152,141],[151,145],[161,147],[195,146],[268,139],[336,124],[358,114],[347,111],[317,112],[208,121],[109,120],[72,127],[107,127],[252,121],[347,107],[400,94],[364,94],[272,100],[182,105],[185,104],[242,97],[368,89],[445,86],[451,90],[435,94],[361,99],[250,100],[185,103],[180,105],[212,104],[313,105],[447,115],[475,125],[465,126],[408,133],[257,134],[166,134],[156,138],[167,143],[275,155],[436,162],[547,167],[589,170],[566,171],[461,169],[274,155],[158,145],[149,143],[164,138],[256,134],[339,132],[416,133],[432,138],[424,142],[350,145],[234,144],[110,143],[7,139]],\\\"S\\\":25,\\\"C\\\":null}\",\"{\\\"D\\\":[[28,37],[25,61],[39,130],[39,125],[37,101],[36,53],[36,30],[31,62],[29,79],[26,97],[25,106],[23,115],[20,130],[18,133],[18,129],[18,120],[20,107],[21,99],[21,95],[22,92],[24,82],[25,78],[27,72],[28,68],[29,65],[29,69],[29,75],[29,82],[31,88],[31,93],[32,96],[39,95],[44,90],[48,84],[52,73],[54,63],[56,51],[56,47],[59,40],[59,36],[58,33],[50,40],[43,49],[39,58],[37,68],[37,75],[41,78],[49,76],[62,71],[73,65],[80,56],[84,46],[83,41],[73,41],[64,45],[62,51],[62,57],[67,64],[77,68],[95,67],[119,63],[135,55],[140,49],[139,44],[131,41],[114,41],[85,43],[53,51],[66,50],[108,46],[150,45],[175,45],[185,45],[170,44],[148,42],[102,41],[46,36],[14,33],[19,33],[52,37],[112,39],[177,40],[219,40],[231,37],[230,34],[217,28],[175,18],[112,9],[65,3]],\\\"S\\\":25,\\\"C\\\":null}\",\"{\\\"D\\\":[[123,6],[132,5],[153,3],[180,3],[214,4],[246,5],[263,6],[255,7],[234,8],[196,8],[165,8],[153,8],[177,8],[229,9],[294,10],[355,11],[387,11],[415,7],[420,7],[410,10],[383,10],[334,11],[301,11],[273,9],[269,8],[273,7],[289,7],[337,7],[392,10],[442,12],[490,12],[535,12],[561,14],[574,14],[579,14],[575,14],[552,17],[499,17],[468,17],[452,17],[471,17],[498,17],[537,17],[592,17],[630,16],[645,14],[667,14],[675,14],[679,14],[674,14],[658,14],[624,13],[583,11],[532,8],[487,3],[472,2],[479,0],[519,0],[563,0],[598,1],[632,2],[645,2],[663,1],[668,0],[672,-0],[677,-0],[682,-0],[679,2],[675,3],[669,6],[654,8],[627,8],[614,8],[619,8],[639,7],[673,7],[710,7],[728,7],[732,7],[735,6],[729,6],[723,7],[715,7],[724,7],[732,6],[739,4]],\\\"S\\\":25,\\\"C\\\":null}\",\"{\\\"D\\\":[[735,5],[735,16],[735,22],[736,38],[736,51],[734,62],[733,65],[732,69],[732,75],[733,67],[738,52],[739,42],[739,28],[739,21],[739,29],[739,40],[739,56],[739,67],[739,76],[739,87],[740,96]],\\\"S\\\":25,\\\"C\\\":null}\",\"{\\\"D\\\":[[728,34],[729,39],[729,45],[729,51],[729,58],[729,64],[729,70],[730,75],[730,79],[732,91],[734,98],[737,104],[738,110],[739,113],[740,117],[740,121],[740,125],[740,129],[740,135],[739,141],[739,146],[739,150],[739,154],[739,160],[739,166],[739,171],[739,177],[739,182],[739,188],[739,193],[739,197],[740,202],[741,206],[741,210],[741,214],[741,219]],\\\"S\\\":25,\\\"C\\\":null}\",\"{\\\"D\\\":[[737,193],[735,199],[735,204],[735,210],[735,216],[735,222],[735,228],[736,240],[738,250],[740,258],[741,268]],\\\"S\\\":25,\\\"C\\\":null}\",\"{\\\"D\\\":[[732,247],[732,252],[732,256],[732,261],[732,265],[732,270],[733,273],[734,278],[734,283],[734,288],[734,296],[735,301],[737,309],[737,316],[737,322],[738,327],[738,331],[738,336],[738,343],[738,347],[738,351],[739,357],[739,361],[739,366],[739,370],[739,374],[739,379],[738,382],[737,385],[736,389],[735,394],[735,398],[734,402],[733,405],[733,409],[729,410],[723,410],[718,410],[714,410],[709,410],[706,411],[702,411],[697,411],[693,411],[687,411],[683,413],[678,413],[674,413],[669,413],[663,413],[657,413],[652,413],[648,413],[644,413],[640,413],[634,413],[630,413],[625,413],[618,413],[607,412],[596,410],[591,410],[581,408],[575,407],[569,406],[563,406],[556,406],[548,405],[540,404],[534,404],[526,404],[521,404],[517,404],[512,404],[506,404],[502,405],[498,406],[493,406],[488,406],[482,406],[478,406],[474,406],[471,407],[475,409],[480,409],[490,410],[500,411],[510,412],[517,413],[522,413],[528,413],[532,413],[537,413],[541,413],[546,413],[551,413],[558,413],[562,413],[565,412],[568,410],[563,411],[554,412],[545,413],[538,413],[534,414],[526,415],[520,415],[514,415],[510,416],[505,416],[499,416],[494,416],[490,416],[485,416],[481,416],[476,416],[471,416],[465,416],[459,416],[454,415],[450,415],[444,414],[440,414],[436,413],[430,413],[423,413],[419,413],[412,413],[408,413],[403,413],[398,413],[394,413],[391,414],[384,414],[378,414],[371,414],[364,414],[357,414],[348,414],[343,414],[336,414],[331,414],[323,414],[319,413],[315,413],[311,413],[307,413],[304,412],[300,411],[296,411],[292,411],[288,411],[282,411],[276,411],[270,410],[262,410],[258,410],[254,410],[249,409],[243,409],[238,409],[231,409],[226,409],[223,410],[219,410],[213,411],[209,411],[203,411],[197,411],[189,410],[185,410],[180,410],[175,410],[171,410],[167,411],[162,411],[157,411],[151,411],[145,411],[140,411],[134,410],[123,410],[114,410],[105,410],[95,410],[87,410],[77,410],[73,410],[69,411],[63,411],[58,412],[55,413],[52,414],[48,414],[42,414],[37,413],[34,411],[32,408],[32,403],[32,399],[32,394],[32,390],[32,386],[32,381],[32,372],[31,364],[28,354],[26,348],[25,345],[28,340],[36,331],[40,323],[62,280],[76,234],[81,195],[82,165],[82,147],[82,138],[83,134],[86,122],[87,107],[86,86],[83,76],[79,80],[71,98],[65,119],[60,142],[57,160],[62,154],[68,134],[76,108],[81,70],[80,37],[73,12],[72,6],[70,9],[64,28],[59,57],[59,96],[60,126],[60,137],[61,142],[63,139],[67,126],[69,110],[69,75],[66,57],[59,62],[55,73],[49,95],[39,122],[33,145],[34,172],[41,197],[49,208],[60,211],[71,199],[82,159],[82,114],[76,87],[69,72],[66,71],[57,79],[51,89],[43,117],[40,164],[49,199],[58,218],[64,227],[70,231],[74,223],[80,203],[83,183],[84,160],[82,141],[80,136],[77,140],[69,156],[55,191],[46,218],[42,244],[40,259],[41,272],[42,276],[45,266],[51,242],[54,211],[51,176],[49,162],[48,167],[45,185],[40,227],[39,252],[39,266],[39,274],[39,280],[39,274],[40,268],[42,258],[42,230],[42,205],[42,191],[40,187],[38,191],[31,209],[21,236],[18,248],[18,258],[18,264],[20,272],[22,267],[25,258],[29,239],[34,191],[33,163],[32,166],[28,183],[18,216],[13,247],[16,281],[24,308],[32,332],[38,348],[42,358],[43,361],[51,350],[59,337],[63,325],[64,320],[63,307],[59,296],[59,290],[59,286],[50,288],[34,298],[26,305],[23,313],[26,314],[37,312],[48,307],[58,298],[63,291],[63,287],[61,283],[53,283],[33,283],[23,283],[26,280],[45,265],[88,233],[164,190],[240,156],[269,143],[209,159],[128,183],[229,183],[226,184],[154,186],[54,192],[2,194],[23,194],[74,191],[134,191],[150,191],[144,195],[107,206],[41,217],[29,216],[134,195],[173,189],[153,193],[32,202]],\\\"S\\\":25,\\\"C\\\":null}\",\"{\\\"D\\\":[[104,98],[135,91],[154,86],[173,83],[168,86],[79,101],[40,100],[126,84],[218,66],[296,53],[317,48],[311,48],[306,49],[215,52],[126,50],[87,47],[121,47],[191,47],[268,52],[387,53],[431,53],[434,52],[304,54],[2,58]],\\\"S\\\":25,\\\"C\\\":null}\",\"{\\\"D\\\":[[285,34],[261,35],[257,35],[278,32],[327,31],[393,31],[428,33],[414,31],[339,22],[255,15],[196,12],[193,13],[200,14],[226,17],[269,18],[334,22],[363,23],[359,24],[321,24],[234,26],[163,26],[184,29],[257,35],[336,37],[393,37],[424,37],[428,37],[436,36],[467,36],[508,38],[519,38],[523,38],[507,39],[444,39],[375,37],[364,37],[385,38],[527,40],[649,35],[714,34]],\\\"S\\\":25,\\\"C\\\":null}\",\"{\\\"D\\\":[[705,15],[702,16],[698,17],[693,18],[690,19],[700,21],[720,21],[732,21]],\\\"S\\\":25,\\\"C\\\":null}\",\"{\\\"D\\\":[[717,54],[717,60],[719,74],[720,88],[720,108],[719,124],[719,137],[718,128],[720,116],[721,104],[721,81],[718,62],[715,54],[712,59],[712,71],[716,85],[720,98],[720,102],[715,103],[712,97],[712,89],[714,83],[722,76],[729,73],[719,67],[699,59],[690,57],[683,57],[673,59],[667,63],[676,64],[706,64]],\\\"S\\\":25,\\\"C\\\":null}\",\"{\\\"D\\\":[[712,46],[704,46],[676,48],[628,48],[590,48],[549,48],[505,46],[470,46],[455,49],[443,51],[432,52],[423,52],[411,53],[401,53],[387,53],[360,53],[343,56],[335,57],[345,59],[365,64],[389,68],[428,68],[465,68],[480,68],[489,66],[492,64],[478,64],[439,64],[391,64],[322,64],[282,64],[255,67],[246,69],[239,71],[233,73],[246,71],[275,70],[317,69],[349,64],[381,60],[425,58],[478,59],[517,63],[542,64],[561,65],[565,65],[570,65],[576,66],[594,68],[630,72],[672,79],[692,82],[680,81],[662,79],[638,75],[626,72],[631,71],[649,70],[678,69],[683,69],[676,68],[632,68],[576,66],[550,68],[547,72],[547,77],[549,80],[556,80],[581,80],[606,77],[618,73],[610,74],[564,76],[481,78],[405,78],[383,86],[383,95],[404,105],[456,111],[507,112],[562,109],[575,106],[567,105],[537,105],[489,104],[429,100],[422,99],[427,99],[444,99],[484,99],[525,98],[543,95],[558,93],[562,92],[557,92],[529,92],[480,92],[450,92],[446,92],[464,90],[518,88],[575,85],[613,84],[627,84],[620,85],[601,88],[588,89],[555,91],[550,92],[555,92],[579,92],[615,90],[645,89],[671,86],[686,85],[690,83],[696,83],[693,85],[688,90],[678,94],[671,96],[665,97],[662,98],[667,98],[675,98],[697,97],[710,96],[704,96],[679,96],[639,96],[584,93],[563,93],[567,93],[591,93],[620,93],[656,93],[678,93],[668,93],[641,92],[574,83],[497,66],[450,55],[431,45],[431,39],[441,31],[450,24],[452,21],[454,18],[458,14],[463,10],[473,7],[479,3],[474,5],[468,6],[460,7],[444,8],[433,7],[425,6],[432,3],[439,1],[460,0],[470,0],[465,1],[455,2],[428,2],[412,2],[420,2],[440,2],[467,1],[487,2],[491,2],[488,3],[470,4],[429,4],[379,4],[368,6],[379,5],[402,4],[434,4],[440,5],[430,5],[410,6],[386,7],[352,6],[347,6],[354,6],[361,5],[378,4],[387,4],[382,5],[372,7],[354,7],[324,7],[289,7],[276,7],[268,8],[264,9],[260,9],[255,10],[259,16],[266,30],[276,51],[285,65],[297,76],[324,84],[353,92],[414,108],[485,130],[536,157],[548,169],[546,180],[532,186],[504,192],[463,193],[391,193],[345,191],[329,191],[333,191],[348,188],[367,181],[374,181],[371,183],[287,194],[177,195],[143,195],[150,192],[156,188],[163,186],[168,184],[180,182],[213,182],[271,182],[322,176],[358,170],[377,165],[374,164],[369,164],[357,165],[331,166],[296,172],[271,179],[250,188],[229,203],[204,225],[174,241],[154,251],[157,250],[170,246],[198,239],[227,232],[235,228],[233,225],[227,223],[208,222],[200,223],[184,225],[178,231],[175,236],[174,241],[174,246],[179,244],[193,233],[212,214],[215,209],[206,208],[177,208],[142,212],[121,223],[115,232],[107,248],[103,256],[102,259],[104,263],[114,261],[135,252],[155,240],[157,235],[148,233],[121,233],[106,239],[94,251],[91,266],[91,275],[91,281],[94,277],[101,264],[107,250],[107,241],[103,241],[98,247],[89,265],[79,296],[77,307],[76,311],[74,320],[73,323],[73,327],[73,331],[70,335],[67,339],[65,344],[66,349],[69,352],[73,356],[76,359],[77,362],[75,365],[71,364],[72,358],[78,350],[90,342],[110,330],[123,325],[127,324],[122,321],[103,321],[93,320],[88,320],[94,316],[113,306],[147,291],[168,282],[190,274],[197,272],[207,272],[218,272],[253,275],[288,280],[325,287],[359,297],[391,305],[428,312],[450,316],[454,316],[457,315],[460,309],[462,298],[464,285],[462,273],[456,269],[446,268],[438,271],[428,274],[422,278],[416,282],[411,287],[419,289],[428,289],[453,289],[488,289],[513,289],[530,289],[537,285],[549,276],[565,260],[585,235],[596,213],[602,192],[603,178],[602,170],[599,168],[586,167],[555,167],[539,167],[538,171],[544,182],[548,199],[551,223],[548,253],[554,318],[554,348],[554,366],[549,362],[547,357],[547,345],[550,337],[553,327],[558,313],[561,282],[563,260],[576,245],[597,236],[625,233],[653,231],[659,226],[654,211],[635,190],[606,162],[575,133],[536,97],[532,94],[525,98],[514,112],[509,124],[524,124],[610,104],[680,91],[694,89],[688,90],[657,100],[641,103],[603,110],[584,119],[578,127],[585,130],[617,125],[643,113],[629,113],[592,123],[504,136],[440,146],[382,156],[360,164],[364,164],[394,157],[467,134],[530,116],[549,114],[557,113],[542,118],[499,127],[431,138],[358,154],[322,164],[315,174],[323,175],[363,167],[407,155],[431,153],[426,158],[395,170],[342,180],[271,190],[236,195],[255,197],[317,196],[392,184],[444,178],[458,178],[454,179],[448,182],[404,193],[355,205],[347,204],[335,212],[327,217],[330,219],[337,219],[329,223],[267,244],[182,264],[132,269],[125,269],[135,263],[156,257],[203,245],[231,236],[263,226],[269,224],[259,226],[234,228],[200,228],[158,228],[135,231],[139,231],[178,230],[228,227],[276,222],[287,219],[263,221],[224,223],[211,230],[233,228],[277,226],[340,218],[357,216],[353,218],[326,224],[252,232],[162,236],[110,237],[102,237],[108,237],[143,225],[224,206],[242,200],[236,201],[226,205],[218,208],[208,210],[213,210],[241,210],[302,208],[351,209],[359,216],[348,223],[330,228],[320,230],[313,227],[311,223],[312,219],[320,216],[320,220],[304,235],[277,258],[234,282],[200,294],[197,296],[208,288],[220,280],[214,282],[191,292],[166,302],[154,305],[147,302],[147,295],[152,287],[160,276],[161,271],[153,270],[141,273],[121,283],[106,292],[102,294],[106,292],[114,285],[117,281],[105,286],[79,297],[72,304],[75,303],[85,294],[94,286],[97,283],[95,288],[90,301],[89,310],[88,331],[88,343],[93,357],[99,365],[103,367],[126,371],[135,372],[128,374],[114,377],[85,384],[63,386],[58,386],[62,386],[77,388],[106,394],[83,394],[58,394],[49,393],[65,392],[113,392],[214,393],[307,396],[382,400],[424,406],[439,410],[432,413],[420,417]],\\\"S\\\":25,\\\"C\\\":null}\",\"{\\\"D\\\":[[434,395],[442,394],[478,390],[517,389],[569,389],[603,390],[616,391],[608,393],[556,403],[494,407],[480,406],[515,396],[568,392],[591,391],[583,394],[547,395],[493,396],[435,395],[387,391],[354,388],[318,382],[296,378],[291,377],[285,378],[278,378],[285,376],[310,374],[346,373],[358,370],[375,369],[390,368],[364,373],[248,385],[172,386],[132,379],[100,371],[90,365],[89,362],[92,360],[100,359],[116,357],[143,356],[155,354],[186,354],[215,354],[212,356],[201,360],[153,366],[122,369],[87,365],[80,357],[79,346],[92,329],[122,305],[145,304],[155,349],[164,403],[166,389],[155,347],[122,285],[118,283],[114,295],[116,334],[133,362],[148,359],[147,331],[139,320],[124,310],[112,318],[105,337],[131,367],[165,378],[193,380],[212,380],[218,377],[217,372],[213,369],[201,365],[173,357],[169,356],[165,355],[168,354],[173,352],[177,351],[180,349],[176,347],[164,347],[137,345],[121,342],[126,343],[141,344],[178,345],[194,345],[198,343],[461,202],[273,211],[450,159],[381,200],[385,197],[367,203],[317,216],[273,227],[262,231],[247,239],[250,240],[265,235],[298,228],[345,217],[412,199],[465,189],[493,188],[503,189],[503,193],[498,199],[488,206],[466,217],[402,238],[335,250],[305,255],[310,253],[335,246],[351,244],[347,247],[339,250],[308,259],[249,280],[213,292],[204,295],[220,283],[320,225],[434,172],[476,157],[484,155],[474,162],[369,232],[330,254],[357,239],[351,245],[344,249],[311,266],[262,283],[237,294],[234,296],[186,311],[162,315],[166,315],[170,315],[172,318],[174,321],[178,322],[198,322],[228,318],[267,313],[280,310],[276,311],[253,319],[221,328],[186,331],[173,332],[169,331],[169,327],[161,323],[143,318],[150,318],[183,318],[233,319],[275,323],[335,318],[353,312],[353,306],[352,301],[353,293],[380,269],[461,214],[506,168],[519,156],[548,143],[552,150],[584,135],[601,125],[626,126],[646,116],[638,114],[634,118],[654,123],[672,118],[672,113],[668,113],[681,108],[690,104],[661,115],[690,122],[716,117],[710,117],[693,118],[673,118],[669,119],[675,124],[690,125],[718,122],[733,114],[735,111],[728,112],[663,114],[600,128],[629,139],[696,135],[698,130],[694,129],[672,129],[630,130],[584,134],[547,138],[538,141],[535,144],[538,145],[544,145],[549,144],[572,144],[603,144],[625,144],[643,144],[663,144],[669,141],[665,142],[659,144],[655,146],[648,147],[633,155],[621,162],[613,172],[610,178],[615,178],[632,176],[668,168],[702,158],[735,149]],\\\"S\\\":25,\\\"C\\\":null}\",\"{\\\"D\\\":[[710,148],[700,151],[692,154],[686,156],[693,154],[674,153],[639,153],[613,156],[612,160],[626,160],[662,158],[702,157],[697,160],[673,169],[660,175],[639,179],[629,183],[634,184],[655,181],[688,180],[697,181],[630,188],[437,190],[391,192],[401,191],[468,189],[544,189],[590,189],[609,190],[602,191],[580,195],[539,199],[530,200],[527,204],[533,205],[550,207],[581,207],[608,208],[612,209],[606,211],[590,212],[524,213],[456,209],[447,208],[477,208],[543,207],[613,206],[676,205],[685,205],[679,205],[659,209],[571,212],[446,223],[383,234],[375,236],[382,239],[430,243],[507,243],[563,243],[599,244],[596,246],[568,248],[474,250],[416,250],[425,245],[492,236],[605,226],[640,228],[616,233],[535,237],[435,241],[379,241],[390,236],[411,232],[462,227],[519,226],[552,227],[556,230],[542,236],[472,249],[318,259],[234,264],[248,265],[304,265],[379,259],[456,250],[478,250],[464,253],[424,255],[322,259],[287,262],[294,262],[343,262],[417,262],[501,261],[541,267],[543,271],[512,282],[431,295],[329,296],[221,294],[172,287],[195,284],[275,282],[389,283],[506,281],[561,281],[568,282],[541,284],[458,287],[334,288],[288,284],[298,283],[358,283],[438,283],[504,286],[531,293],[524,298],[474,312],[319,332],[194,332],[129,325],[134,321],[172,315],[263,312],[368,311],[400,309],[415,311],[408,314],[377,316],[310,315],[263,311],[261,307],[327,302],[426,298],[476,310],[472,313],[443,321],[385,328],[264,335],[127,337],[66,338],[77,339],[163,337],[273,337],[373,341],[436,348],[456,350],[451,353],[404,356],[335,356],[270,351],[244,351],[257,349],[338,347],[495,346],[558,354],[540,360],[451,366],[334,367],[239,368],[206,365],[216,365],[238,366],[309,368],[366,370],[408,371],[403,371],[391,372],[337,372],[227,372],[119,362],[71,347],[70,344],[92,343],[153,343],[223,344],[279,349],[291,350],[275,350],[260,353],[251,356],[241,357],[254,357],[312,357],[417,357],[540,353],[620,349],[657,348],[662,348],[653,348],[619,350],[577,353],[546,355],[542,356],[546,355],[574,354],[611,352],[633,353],[627,357],[579,361],[427,365],[347,355],[353,353],[388,349],[448,352],[517,357],[548,358],[573,358],[564,360],[518,360],[406,359],[315,357],[283,357],[286,361],[311,368],[354,371],[417,367],[480,361],[518,356],[510,358],[444,358],[393,363],[398,363],[431,363],[498,364],[570,371],[575,375],[571,377],[545,377],[488,376],[438,375],[396,371],[392,371],[397,371],[440,372],[503,374],[583,381],[640,386],[667,388],[661,389],[628,392],[541,393],[527,392],[608,392],[706,392],[728,391],[724,391],[715,391],[689,395],[661,395],[656,395],[665,395],[693,395]],\\\"S\\\":25,\\\"C\\\":null}\",\"{\\\"D\\\":[[679,365],[698,364],[695,367],[675,373],[648,375],[629,375],[633,375],[681,375],[718,374],[724,373],[719,373],[695,373],[656,371],[646,370],[655,370],[692,370],[726,368],[730,368],[720,368],[663,366],[599,359],[590,355],[615,354],[677,354],[730,355],[732,359],[703,361],[607,361],[549,359],[561,359],[594,358],[660,356],[710,354],[725,354],[722,353],[689,350],[627,344],[581,338],[569,336],[586,333],[651,330],[696,330],[700,331],[691,332],[653,332],[599,333],[559,335],[540,335],[556,335],[603,335],[663,335],[726,335]],\\\"S\\\":25,\\\"C\\\":null}\",\"{\\\"D\\\":[[390,334],[393,332],[418,329],[482,325],[542,324],[581,324],[574,325],[531,326],[433,326],[369,320],[361,318],[388,317],[463,318],[580,320],[633,320],[653,320],[643,320],[613,321],[548,322],[533,325],[545,325],[578,324],[621,320],[661,316],[696,315],[691,314],[668,317],[606,317],[534,316],[504,312],[516,310],[549,309],[591,308],[629,308],[644,307],[635,310],[609,324],[602,328],[604,322],[608,310],[614,296],[619,273],[619,261],[607,259],[579,273],[537,315],[538,333],[545,329],[568,293],[596,237],[591,300],[600,286],[633,314],[634,320],[636,317]],\\\"S\\\":25,\\\"C\\\":null}\",\"{\\\"D\\\":[[626,247],[624,255],[625,280],[627,305],[628,317],[625,316],[619,308],[616,297],[616,289],[618,274],[619,265],[620,259],[617,258],[610,264],[592,283],[578,293],[583,289],[604,275],[628,255],[636,244],[636,237],[635,241],[634,248],[637,279],[643,304],[645,309],[647,298],[645,265],[638,223],[635,208],[635,214],[637,266],[638,310],[639,328],[643,321],[654,274],[657,209],[658,196],[656,200],[655,228],[655,255],[655,297],[658,317],[659,320],[661,316],[668,298],[672,265],[671,223],[669,186],[668,180],[667,183],[665,188],[665,218],[663,251],[663,265],[664,269],[665,262],[671,235],[673,196],[672,153],[671,138],[669,143],[668,164],[669,215],[670,254],[674,270],[675,261],[679,238],[681,209],[683,182],[684,158],[685,152],[685,156],[684,177],[684,224],[687,278],[690,308],[691,326],[692,318],[694,292],[695,252],[695,208],[693,176],[693,167],[693,178],[695,210],[695,266],[696,313],[695,339],[692,363],[695,349],[703,299],[710,239],[711,180],[711,138],[712,133],[712,138],[714,154],[720,209],[720,262],[720,303],[718,314],[720,309],[724,294],[730,243],[723,166],[714,138],[713,146],[711,193],[700,243],[699,281],[698,296],[696,304]],\\\"S\\\":25,\\\"C\\\":null}\"]"

    game:GetService("ReplicatedStorage").Events.InsertDrawing:FireServer(ohString1)
end

spawn(function()
while wait(0.01) do
if toggled then
--spawnamogus()
spawnsquare()

if AntiLag then
    for i,v in pairs(workspace.Drawings[self.Name]:GetChildren()) do
        v:Destroy()
    end
end
end
end
end)
